111111111111111111111111111111111
999999999991999999999999199999199
999999999991999999999999199999199
999999999991999999999999199999199
999999999991999999999999199999199
111111111111111111111111111111111
999999999991999999999999199999199
999999999991999955555999199999199
999999999991999999999999199999199
999999999991999999999999199999199
111111111111111111111111111111111
999999999991999999999999199999199
999999999991999999999999199999199
999999999991999999999999199999199
999999999991999999999999199999199
